1.162840574979782104e-01 1.116893626749515533e-02 1.260808110237121582e-02 1.415632478892803192e-02 1.599940285086631775e-02 1.901456527411937714e-02 2.439502067863941193e-02 3.329235315322875977e-02 3.044159337878227234e-02 2.139810286462306976e-02
1.198471412062644958e-01 2.692446671426296234e-02 2.566771768033504486e-02 1.598420180380344391e-02 1.110866945236921310e-02 1.073710061609745026e-02 1.227765344083309174e-02 1.214340049773454666e-02 7.988474331796169281e-03 7.653302978724241257e-03
1.040062457323074341e-01 1.060661114752292633e-02 1.039511058479547501e-02 9.007969871163368225e-03 8.961455896496772766e-03 1.250222045928239822e-02 1.163103617727756500e-02 1.074218470603227615e-02 1.331576146185398102e-02 1.838784292340278625e-02
1.061689034104347229e-01 1.209158357232809067e-02 1.663890853524208069e-02 1.259629894047975540e-02 1.079178508371114731e-02 9.817449375987052917e-03 1.151392050087451935e-02 1.056486833840608597e-02 1.374624297022819519e-02 1.305210404098033905e-02
1.353690326213836670e-01 2.018366940319538116e-02 2.487436681985855103e-02 1.980416849255561829e-02 1.832016743719577789e-02 2.899235859513282776e-02 3.114046342670917511e-02 1.942209526896476746e-02 1.483925525099039078e-02 1.986079104244709015e-02
1.312901824712753296e-01 1.695924066007137299e-02 1.305109169334173203e-02 1.525529567152261734e-02 1.863422803580760956e-02 1.702035777270793915e-02 1.633078604936599731e-02 1.946694031357765198e-02 1.872766017913818359e-02 1.382623892277479172e-02
1.201723888516426086e-01 1.334876473993062973e-02 1.025368366390466690e-02 1.162503939121961594e-02 1.030449569225311279e-02 8.715555071830749512e-03 1.043045520782470703e-02 1.094804890453815460e-02 1.004525460302829742e-02 1.359640154987573624e-02
9.952334314584732056e-02 1.139734219759702682e-02 9.736963547766208649e-03 1.152234431356191635e-02 1.266152504831552505e-02 1.253579091280698776e-02 1.425294484943151474e-02 1.772614568471908569e-02 1.917118765413761139e-02 1.747602969408035278e-02
1.206812933087348938e-01 1.458908151835203171e-02 1.459361985325813293e-02 1.475154329091310501e-02 1.269718445837497711e-02 1.201275363564491272e-02 1.300458237528800964e-02 1.344949845224618912e-02 1.569940894842147827e-02 1.782941073179244995e-02
1.334046572446823120e-01 1.964960806071758270e-02 1.580576971173286438e-02 1.450848393142223358e-02 1.638196781277656555e-02 1.773044466972351074e-02 1.510883681476116180e-02 1.201718673110008240e-02 1.492541562765836716e-02 1.334624085575342178e-02
1.139090955257415771e-01 1.090738736093044281e-02 1.098611392080783844e-02 1.131309382617473602e-02 1.306221447885036469e-02 1.378609146922826767e-02 1.397647149860858917e-02 1.277255546301603317e-02 1.355648227035999298e-02 1.391285005956888199e-02
1.279587745666503906e-01 1.398513652384281158e-02 1.221399288624525070e-02 1.196316070854663849e-02 1.127336919307708740e-02 1.182878203690052032e-02 1.260945666581392288e-02 1.335633266717195511e-02 1.301460806280374527e-02 1.187083683907985687e-02
1.161642372608184814e-01 1.155923865735530853e-02 1.400440279394388199e-02 1.740510389208793640e-02 1.616623997688293457e-02 1.400541141629219055e-02 1.331135164946317673e-02 1.415552385151386261e-02 1.686509884893894196e-02 1.449940633028745651e-02
1.326953023672103882e-01 1.535070501267910004e-02 1.371237915009260178e-02 1.629721373319625854e-02 1.491583697497844696e-02 1.264875661581754684e-02 1.276545878499746323e-02 1.416500844061374664e-02 1.469826139509677887e-02 1.422144006937742233e-02
1.351432800292968750e-01 1.501854881644248962e-02 1.432615425437688828e-02 1.428863964974880219e-02 1.521707419306039810e-02 1.676294766366481781e-02 1.520806830376386642e-02 1.481748186051845551e-02 1.481821481138467789e-02 1.653900183737277985e-02
1.424355506896972656e-01 1.657596975564956665e-02 1.578725688159465790e-02 1.622318476438522339e-02 1.552202086895704269e-02 1.625888422131538391e-02 1.654834672808647156e-02 1.771735958755016327e-02 1.747828163206577301e-02 1.698552258312702179e-02
1.553675830364227295e-01 2.086563594639301300e-02 2.028236910700798035e-02 1.879271864891052246e-02 1.762614585459232330e-02 2.021597698330879211e-02 1.844810880720615387e-02 1.913823001086711884e-02 2.280231937766075134e-02 2.065831422805786133e-02
1.550093293190002441e-01 2.375797741115093231e-02 2.519215270876884460e-02 3.329238295555114746e-02 3.242500498890876770e-02 2.604907006025314331e-02 2.892201393842697144e-02 2.172376774251461029e-02 2.427182346582412720e-02 2.510030381381511688e-02
1.438506245613098145e-01 2.217291109263896942e-02 1.715820655226707458e-02 1.634429022669792175e-02 1.680129580199718475e-02 2.014818228781223297e-02 1.869076304137706757e-02 2.126278541982173920e-02 1.989719644188880920e-02 1.733770035207271576e-02
1.598749905824661255e-01 2.101610228419303894e-02 1.876645348966121674e-02 1.926987804472446442e-02 1.960780471563339233e-02 1.920792460441589355e-02 2.010541409254074097e-02 1.998445019125938416e-02 2.180188149213790894e-02 2.376003749668598175e-02
1.334305256605148315e-01 2.377012558281421661e-02 2.269981987774372101e-02 2.562549896538257599e-02 2.579783834517002106e-02 2.171735651791095734e-02 2.525264024734497070e-02 2.861150167882442474e-02 2.847521752119064331e-02 2.545630559325218201e-02
1.327063888311386108e-01 2.862180210649967194e-02 2.201255410909652710e-02 1.751296408474445343e-02 1.863620802760124207e-02 1.911949366331100464e-02 1.960436813533306122e-02 1.853573136031627655e-02 1.968793012201786041e-02 1.937184855341911316e-02
1.223091036081314087e-01 2.687771432101726532e-02 2.363136969506740570e-02 2.447559870779514313e-02 2.443794161081314087e-02 2.390980720520019531e-02 1.779129914939403534e-02 1.795295439660549164e-02 1.983017660677433014e-02 2.282232791185379028e-02
1.475712209939956665e-01 2.454647421836853027e-02 2.670974656939506531e-02 3.015741519629955292e-02 3.177774325013160706e-02 2.951939962804317474e-02 2.849700488150119781e-02 3.182069584727287292e-02 3.244649991393089294e-02 2.459757775068283081e-02
7.565815746784210205e-02 1.240214519202709198e-02 1.168703567236661911e-02 1.544739771634340286e-02 1.948389783501625061e-02 1.623426750302314758e-02 2.100422047078609467e-02 1.809453219175338745e-02 2.128830365836620331e-02 2.447166666388511658e-02
1.350581496953964233e-01 2.665776945650577545e-02 2.626591175794601440e-02 2.390686608850955963e-02 2.313489466905593872e-02 2.154369093477725983e-02 2.027052454650402069e-02 2.026834711432456970e-02 2.082215994596481323e-02 2.058715187013149261e-02
1.435534954071044922e-01 2.280629239976406097e-02 2.084359526634216309e-02 1.785575598478317261e-02 1.714996434748172760e-02 1.874802075326442719e-02 1.666931062936782837e-02 1.495474856346845627e-02 1.393072027713060379e-02 1.425081305205821991e-02
1.141031980514526367e-01 1.628320850431919098e-02 1.408793497830629349e-02 1.499144732952117920e-02 1.623282395303249359e-02 1.553025003522634506e-02 1.348174922168254852e-02 1.243136636912822723e-02 1.255611423403024673e-02 1.233816519379615784e-02
1.123589575290679932e-01 1.500164158642292023e-02 1.455118134617805481e-02 1.304370444267988205e-02 1.267164014279842377e-02 1.190356723964214325e-02 1.221160404384136200e-02 1.228308584541082382e-02 1.238730177283287048e-02 1.307553984224796295e-02
1.223684474825859070e-01 1.753060705959796906e-02 1.489989645779132843e-02 1.288485154509544373e-02 1.249339804053306580e-02 1.263723336160182953e-02 1.421398203819990158e-02 1.430466677993535995e-02 1.493412628769874573e-02 1.624605990946292877e-02
1.964504271745681763e-01 2.104992419481277466e-02 2.500493079423904419e-02 3.012162446975708008e-02 2.662486024200916290e-02 2.145825140178203583e-02 2.032249420881271362e-02 2.088311873376369476e-02 2.292216941714286804e-02 2.427031286060810089e-02
1.740305870771408081e-01 2.204411849379539490e-02 1.708560064435005188e-02 1.872987300157546997e-02 2.090915665030479431e-02 2.111678756773471832e-02 1.767790690064430237e-02 1.160150952637195587e-02 1.212573237717151642e-02 1.024395041167736053e-02
1.306821107864379883e-01 1.196784246712923050e-02 1.099412050098180771e-02 1.313438173383474350e-02 2.024117857217788696e-02 1.823518052697181702e-02 1.787077449262142181e-02 1.679457351565361023e-02 1.751263253390789032e-02 2.069052681326866150e-02
1.791033297777175903e-01 2.555911056697368622e-02 2.274958975613117218e-02 2.235824614763259888e-02 2.170545421540737152e-02 2.151677943766117096e-02 2.098964527249336243e-02 1.957077160477638245e-02 2.031486667692661285e-02 2.075934410095214844e-02
1.387125700712203979e-01 1.901493780314922333e-02 2.143982984125614166e-02 1.895423606038093567e-02 1.662373542785644531e-02 1.396093796938657761e-02 1.093371678143739700e-02 1.234239246696233749e-02 1.109865866601467133e-02 1.297254767268896103e-02
1.225229725241661072e-01 1.666443794965744019e-02 1.597752422094345093e-02 1.516745332628488541e-02 1.545445714145898819e-02 1.549462974071502686e-02 1.532950159162282944e-02 1.540577318519353867e-02 1.667443662881851196e-02 1.540576200932264328e-02
8.996217697858810425e-02 1.544835045933723450e-02 1.445650029927492142e-02 1.306165568530559540e-02 1.192395575344562531e-02 1.159998960793018341e-02 1.192924100905656815e-02 1.191150676459074020e-02 1.227175630629062653e-02 1.212105341255664825e-02
8.398200571537017822e-02 1.282781735062599182e-02 1.245501544326543808e-02 1.246244553476572037e-02 1.361075043678283691e-02 1.280993130058050156e-02 1.192126143723726273e-02 1.192666590213775635e-02 1.237633451819419861e-02 1.227931957691907883e-02
1.030193269252777100e-01 1.523164287209510803e-02 1.501053012907505035e-02 1.506204251199960709e-02 1.500522624701261520e-02 1.459178142249584198e-02 1.429588440805673599e-02 1.420349255204200745e-02 1.399401947855949402e-02 1.419327780604362488e-02
1.170145198702812195e-01 1.542649697512388229e-02 1.401088107377290726e-02 1.362818386405706406e-02 1.424515526741743088e-02 1.304541155695915222e-02 1.094416063278913498e-02 9.851085953414440155e-03 8.640353567898273468e-03 7.967633195221424103e-03
1.225918382406234741e-01 1.084037125110626221e-02 7.644350640475749969e-03 6.222076714038848877e-03 5.354627035558223724e-03 4.868661519140005112e-03 5.475636105984449387e-03 5.108757875859737396e-03 4.694573581218719482e-03 4.529861267656087875e-03
8.979418873786926270e-02 5.724064260721206665e-02 6.152617186307907104e-02 4.848125949501991272e-02 3.222690150141716003e-02 1.166459545493125916e-02 1.231754291802644730e-02 1.375854946672916412e-02 1.532479654997587204e-02 1.637225039303302765e-02
7.809719443321228027e-02 1.649912819266319275e-02 1.719277538359165192e-02 1.780008710920810699e-02 1.868619956076145172e-02 1.938616111874580383e-02 2.152875438332557678e-02 2.287900820374488831e-02 2.253895625472068787e-02 2.753341384232044220e-02
1.024279147386550903e-01 3.017481043934822083e-02 3.269127756357192993e-02 3.705479949712753296e-02 4.209647327661514282e-02 4.136869683861732483e-02 3.911573812365531921e-02 4.421352222561836243e-02 5.141551792621612549e-02 5.184756591916084290e-02
9.158008545637130737e-02 6.258723884820938110e-02 5.997836217284202576e-02 5.546659231185913086e-02 6.456471979618072510e-02 6.752128154039382935e-02 6.871212273836135864e-02 6.511716544628143311e-02 6.114826351404190063e-02 5.202376097440719604e-02
1.635213941335678101e-01 4.044397547841072083e-02 3.385536000132560730e-02 2.771736867725849152e-02 2.042933925986289978e-02 1.422407291829586029e-02 9.021733887493610382e-03 7.092454936355352402e-03 6.431277375668287277e-03 6.810948252677917480e-03
1.495049446821212769e-01 7.851691916584968567e-03 7.085665594786405563e-03 7.276675663888454437e-03 7.437366060912609100e-03 7.353419903665781021e-03 7.479691877961158752e-03 7.893849164247512817e-03 7.078925613313913345e-03 7.439558859914541245e-03
1.769463419914245605e-01 7.707878947257995605e-03 7.899772375822067261e-03 8.028780110180377960e-03 8.036795072257518768e-03 8.533072657883167267e-03 9.554049000144004822e-03 1.065046899020671844e-02 1.190664805471897125e-02 1.371418125927448273e-02
2.474661022424697876e-01 1.802391000092029572e-02 1.812943629920482635e-02 1.510575506836175919e-02 1.028549578040838242e-02 1.021095458418130875e-02 1.054433546960353851e-02 9.833716787397861481e-03 9.835262782871723175e-03 9.449869394302368164e-03
2.817061543464660645e-01 9.674957022070884705e-03 8.433517999947071075e-03 8.388588204979896545e-03 7.543212734162807465e-03 7.380804978311061859e-03 7.944164797663688660e-03 8.012964390218257904e-03 6.872780155390501022e-03 6.711525842547416687e-03
2.543976902961730957e-01 8.446704596281051636e-03 9.926254861056804657e-03 8.847926743328571320e-03 8.273574523627758026e-03 6.855370476841926575e-03 7.284392602741718292e-03 7.306447252631187439e-03 8.046543225646018982e-03 8.113656193017959595e-03
2.817073464393615723e-01 9.404113516211509705e-03 9.056732058525085449e-03 9.117550216615200043e-03 9.139875881373882294e-03 8.996520191431045532e-03 8.931486867368221283e-03 8.995779789984226227e-03 8.677527308464050293e-03 8.202320896089076996e-03
2.384793311357498169e-01 9.087229147553443909e-03 8.864686824381351471e-03 9.172370657324790955e-03 9.359431453049182892e-03 9.382805787026882172e-03 8.938537910580635071e-03 8.850529789924621582e-03 9.659042581915855408e-03 1.056505646556615829e-02
2.089904099702835083e-01 1.404155418276786804e-02 1.222378388047218323e-02 1.131632365286350250e-02 1.054921094328165054e-02 1.074036676436662674e-02 1.051004230976104736e-02 1.076048519462347031e-02 1.031415071338415146e-02 1.032480224967002869e-02
1.812728345394134521e-01 1.216898951679468155e-02 9.933052584528923035e-03 9.547950699925422668e-03 9.076436050236225128e-03 9.040501900017261505e-03 8.597414940595626831e-03 8.061247877776622772e-03 8.270303718745708466e-03 7.758861873298883438e-03
1.690506190061569214e-01 9.268483147025108337e-03 8.890165016055107117e-03 8.689201436936855316e-03 9.285469539463520050e-03 9.269312955439090729e-03 1.066567935049533844e-02 1.105923950672149658e-02 1.159846410155296326e-02 1.120303943753242493e-02
1.489333212375640869e-01 1.106898579746484756e-02 1.036336459219455719e-02 1.003908086568117142e-02 1.079323515295982361e-02 1.131517719477415085e-02 1.177333761006593704e-02 1.243620272725820541e-02 1.142264623194932938e-02 1.129419729113578796e-02
1.362186372280120850e-01 1.463715080171823502e-02 1.394632179290056229e-02 1.056768093258142471e-02 1.095979195088148117e-02 1.195125840604305267e-02 1.415773574262857437e-02 1.661168225109577179e-02 1.851487345993518829e-02 1.879411190748214722e-02
1.728472262620925903e-01 1.716345176100730896e-02 1.494403555989265442e-02 1.599325612187385559e-02 1.765085570514202118e-02 1.472875382751226425e-02 9.332881309092044830e-03 9.080971591174602509e-03 9.174975566565990448e-03 1.088169030845165253e-02
1.912582814693450928e-01 1.230158191174268723e-02 1.131853368133306503e-02 1.101450249552726746e-02 1.058228127658367157e-02 1.024437602609395981e-02 1.103680487722158432e-02 1.139392144978046417e-02 1.136994175612926483e-02 1.193760056048631668e-02
1.819986999034881592e-01 1.675179041922092438e-02 1.662967540323734283e-02 1.425014343112707138e-02 1.277662534266710281e-02 1.193423476070165634e-02 1.200493238866329193e-02 1.207526959478855133e-02 1.259678322821855545e-02 1.293244678527116776e-02
2.182952314615249634e-01 1.453325524926185608e-02 1.568393595516681671e-02 1.645569130778312683e-02 1.572757586836814880e-02 1.564099080860614777e-02 1.515779178589582443e-02 1.629556715488433838e-02 1.692700199782848358e-02 1.719120703637599945e-02
2.236922830343246460e-01 1.835704967379570007e-02 1.794197596609592438e-02 1.811482757329940796e-02 1.985118165612220764e-02 2.171711251139640808e-02 2.383687905967235565e-02 2.653422392904758453e-02 2.944294363260269165e-02 3.488395363092422485e-02
2.164011448621749878e-01 3.228606283664703369e-02 2.313834428787231445e-02 1.968372240662574768e-02 1.630050130188465118e-02 1.584650203585624695e-02 1.374892983585596085e-02 1.116638164967298508e-02 8.369771763682365417e-03 7.847038097679615021e-03
1.913694739341735840e-01 1.095311716198921204e-02 9.825584478676319122e-03 9.773755446076393127e-03 9.971012361347675323e-03 9.318533353507518768e-03 1.017100177705287933e-02 1.020606234669685364e-02 1.064865477383136749e-02 1.254064030945301056e-02
2.057343423366546631e-01 1.433682255446910858e-02 1.418918650597333908e-02 1.495721004903316498e-02 1.598975807428359985e-02 1.408942230045795441e-02 1.623268611729145050e-02 2.376568876206874847e-02 2.156195044517517090e-02 2.688434161245822906e-02
1.793425083160400391e-01 1.682762615382671356e-02 1.544829271733760834e-02 1.222504023462533951e-02 1.003829669207334518e-02 1.032739225775003433e-02 1.153426337987184525e-02 1.104392390698194504e-02 9.360875003039836884e-03 1.011412963271141052e-02
1.911574155092239380e-01 9.348751977086067200e-03 9.569219313561916351e-03 9.425085037946701050e-03 9.821438230574131012e-03 8.925726637244224548e-03 9.049805812537670135e-03 1.016360893845558167e-02 9.447167627513408661e-03 7.729283999651670456e-03
1.849519759416580200e-01 1.086669508367776871e-02 8.339894935488700867e-03 8.705548010766506195e-03 9.573302231729030609e-03 1.244264841079711914e-02 7.415262982249259949e-03 6.565138697624206543e-03 6.715076044201850891e-03 5.627951584756374359e-03
1.691492050886154175e-01 7.748118601739406586e-03 7.315651513636112213e-03 6.491727195680141449e-03 6.971128750592470169e-03 7.750777527689933777e-03 7.707720156759023666e-03 6.509208586066961288e-03 7.038371637463569641e-03 7.904156111180782318e-03
1.600248515605926514e-01 1.271689869463443756e-02 1.007805764675140381e-02 7.243194151669740677e-03 4.927974659949541092e-03 4.946349654346704483e-03 4.562719725072383881e-03 4.667160101234912872e-03 4.526367411017417908e-03 4.822604823857545853e-03
1.487271785736083984e-01 5.598660092800855637e-03 5.105256102979183197e-03 5.321334116160869598e-03 5.324183031916618347e-03 5.726320669054985046e-03 5.722421687096357346e-03 5.833633709698915482e-03 6.092474330216646194e-03 6.394341122359037399e-03
1.727862656116485596e-01 7.808279711753129959e-03 9.900452569127082825e-03 1.213218551129102707e-02 9.654136374592781067e-03 5.872242618352174759e-03 5.822750739753246307e-03 5.599387921392917633e-03 5.332629662007093430e-03 5.455945618450641632e-03
1.894110292196273804e-01 6.220208015292882919e-03 6.306719966232776642e-03 7.109467405825853348e-03 6.243454292416572571e-03 5.065672565251588821e-03 5.042497534304857254e-03 4.811758175492286682e-03 4.936638288199901581e-03 5.205224268138408661e-03
2.124269157648086548e-01 7.507300470024347305e-03 8.210713043808937073e-03 1.076837256550788879e-02 9.177398867905139923e-03 5.701145157217979431e-03 5.869293585419654846e-03 6.473266985267400742e-03 6.858217064291238785e-03 7.585979532450437546e-03
2.429479807615280151e-01 8.018414489924907684e-03 7.316288538277149200e-03 6.014564074575901031e-03 6.171900313347578049e-03 5.970586556941270828e-03 5.958945490419864655e-03 6.617194972932338715e-03 6.441877223551273346e-03 6.414963863790035248e-03
2.036730647087097168e-01 8.176169358193874359e-03 8.700655773282051086e-03 7.047707214951515198e-03 6.769907195121049881e-03 8.187772706151008606e-03 8.742799051105976105e-03 5.586788058280944824e-03 6.393660325556993484e-03 7.421245332807302475e-03
1.841521114110946655e-01 6.330085918307304382e-03 6.362366955727338791e-03 6.538234185427427292e-03 8.410874754190444946e-03 7.583737373352050781e-03 8.882385678589344025e-03 9.459227323532104492e-03 8.673736825585365295e-03 7.186943665146827698e-03
1.707097738981246948e-01 8.196328766644001007e-03 9.200045838952064514e-03 1.189117785543203354e-02 9.443493559956550598e-03 8.830227889120578766e-03 6.885465700179338455e-03 6.410002242773771286e-03 8.543628267943859100e-03 1.000675372779369354e-02
1.678221374750137329e-01 1.128104701638221741e-02 7.906875573098659515e-03 7.845833897590637207e-03 8.140450343489646912e-03 8.566488511860370636e-03 8.368021808564662933e-03 8.454470895230770111e-03 8.461100980639457703e-03 7.983472198247909546e-03
1.389822959899902344e-01 8.581110276281833649e-03 8.411833085119724274e-03 7.914047688245773315e-03 7.605448830872774124e-03 8.080439642071723938e-03 8.272718638181686401e-03 8.626672439277172089e-03 9.825169108808040619e-03 1.056040823459625244e-02
1.532322019338607788e-01 1.077986694872379303e-02 1.284499838948249817e-02 1.141935400664806366e-02 8.944711647927761078e-03 1.033228076994419098e-02 1.132496725767850876e-02 1.151728350669145584e-02 1.240602135658264160e-02 1.219383254647254944e-02
1.819188892841339111e-01 1.338395848870277405e-02 1.406945940107107162e-02 1.418529450893402100e-02 1.773488894104957581e-02 1.755980774760246277e-02 2.276075817644596100e-02 2.251796796917915344e-02 1.008035615086555481e-02 1.068135723471641541e-02
