3.794709489770942135e-01 6.747160997819691142e-01 6.625908107331150987e-01 6.396107986025267866e-01 6.261132974461921519e-01 6.175198520753952813e-01 5.927375632304768827e-01 5.659065198055283075e-01 5.472871605903740777e-01 5.758662596322664529e-01
3.528595309687820314e-01 5.381230228098132784e-01 5.559384346451942127e-01 6.009275470376383987e-01 6.407360786736561176e-01 6.591016088332007916e-01 6.328590892657705025e-01 6.163744544526089664e-01 6.830529574085462130e-01 6.968954105885508676e-01
4.008641777986823307e-01 6.786322892318485955e-01 6.719851945832333584e-01 6.840063959564526286e-01 6.810777607760604146e-01 6.224297503302255175e-01 6.546967516388693120e-01 6.995187424469255788e-01 6.925524131414863005e-01 6.328225060084413656e-01
4.039553374060220192e-01 7.046065073052280026e-01 6.239960101351879063e-01 6.829747609096061822e-01 7.155931513823876600e-01 7.477677768025653426e-01 7.040756102276484185e-01 7.350208155257883513e-01 6.942288470313870974e-01 6.921242870689798821e-01
3.519898307199409437e-01 5.841196448919965256e-01 5.285684501718356243e-01 6.076668016219984869e-01 6.298267212370595169e-01 5.006015423452835345e-01 4.934642322556746508e-01 6.141262002396595809e-01 6.979193266178557176e-01 6.075815894793852312e-01
3.655751235582361258e-01 6.542511633893509648e-01 6.936381349587042999e-01 6.653277837548610130e-01 6.453195743282194030e-01 7.041227752908455484e-01 7.193610305463113974e-01 6.786329025015191974e-01 6.786281354228025364e-01 7.101826015759673538e-01
3.563320830591426014e-01 7.008156910245237903e-01 7.203192478850724001e-01 6.890149371496594455e-01 6.972446441270975237e-01 7.236634662955855335e-01 7.022151085868880704e-01 6.873817557358390395e-01 7.163262840668070952e-01 6.528556605559615589e-01
3.804168506146849427e-01 6.799346472458900337e-01 7.088835566880430372e-01 6.808322597620407590e-01 6.717649736250570491e-01 6.874506838884840709e-01 6.753372286289445192e-01 6.196813455347770505e-01 6.049364515178542456e-01 6.566574239191619311e-01
3.355704741149145853e-01 6.864409858810488485e-01 6.953239357995317782e-01 7.003941526389111383e-01 7.194906505165977739e-01 7.329168042626760249e-01 7.258386056531470620e-01 7.213483775945882526e-01 6.937071553201074048e-01 6.631336422826900057e-01
3.217285537262019601e-01 6.322631812139891672e-01 6.944717874730974572e-01 6.969208668641567739e-01 6.399110440464195193e-01 6.142208507895206004e-01 6.574651425288827733e-01 7.200482778698379382e-01 6.774213355953569993e-01 6.963392091475451018e-01
3.487015195540209000e-01 7.131749777507291332e-01 7.205797041025047145e-01 7.213127213419926465e-01 7.124389144976301935e-01 6.903573326762934004e-01 6.969705103155030557e-01 6.963808760011921395e-01 6.933468296390951080e-01 6.923933173191111345e-01
3.064095123704239643e-01 6.737168485003556251e-01 6.913062705869058577e-01 6.972816584456458244e-01 7.162300826792092900e-01 7.159984980982422309e-01 7.013158447745436730e-01 6.941288902891690205e-01 7.030534298843620356e-01 7.062655186424814380e-01
3.430606990983120497e-01 6.992408801508571692e-01 6.699641283078338061e-01 6.189007866917416445e-01 6.492929710542942878e-01 7.041150286215343002e-01 7.138768852299880452e-01 6.982678813076650393e-01 6.591589617661806066e-01 6.889048922215756932e-01
3.351050931559513835e-01 6.803338481518025338e-01 6.732115202219230987e-01 6.358477763210326206e-01 6.537656399756013315e-01 6.909393275357805786e-01 6.978625317797876315e-01 6.813059095143955135e-01 6.876459468575308875e-01 7.086629388105271099e-01
3.436214898971378662e-01 6.826666700227685958e-01 7.009631446630958385e-01 7.041146203132594428e-01 6.952554283781071653e-01 6.702184371068412583e-01 6.870438051259254442e-01 6.998509325721841146e-01 7.086186289490420398e-01 6.843362728034274589e-01
3.654447349406527157e-01 6.928950215470549567e-01 7.013228617477157423e-01 6.943962910893951568e-01 6.955284625306100699e-01 6.842890095893409130e-01 6.867338748023591455e-01 6.852133143375924718e-01 6.887540330317220016e-01 6.870304879073684257e-01
3.347326521318080839e-01 6.225905959594205674e-01 6.248968695803452933e-01 6.510968523978956091e-01 6.727382678173472463e-01 6.226817404773309361e-01 6.568610792146749588e-01 6.525801130098551894e-01 5.892694217047879102e-01 6.206162098052189213e-01
3.437227391829585366e-01 5.934904323601185583e-01 6.091017564023385455e-01 5.402809398897084892e-01 5.559157881788699962e-01 6.134526277099845437e-01 6.026951293928118902e-01 6.152550196180928133e-01 6.295280486055930824e-01 6.452210266447755416e-01
3.733862106602320874e-01 6.282826313903626669e-01 6.756775966378736342e-01 6.949062769937189854e-01 6.972084662457341819e-01 6.652060958025368675e-01 6.693300928483093548e-01 6.257535756424591478e-01 6.078776179121153644e-01 6.438673712869448229e-01
3.209278114841667140e-01 6.077213029549666246e-01 6.421783996460038724e-01 6.468075338474374991e-01 6.348732931523711764e-01 6.413004920119517172e-01 6.336625930365390458e-01 6.195307353631257508e-01 5.968848699686633008e-01 5.667063381360039065e-01
2.470295222692596437e-01 5.422170337137975915e-01 5.563838749476489598e-01 5.182944227716868024e-01 5.257530107999851543e-01 5.633718189908745178e-01 5.314062328742253927e-01 4.887361042819568513e-01 5.034485989771219083e-01 5.411336496082035374e-01
2.429942478647163784e-01 5.523981149949767078e-01 5.897519999786976497e-01 6.010472633311382262e-01 5.940939973005066044e-01 5.922606160671525233e-01 5.990761219946193483e-01 6.038222115309289650e-01 5.961854997292855840e-01 6.019095050934342161e-01
3.204801908104567554e-01 5.417579332302083772e-01 5.744941198112735181e-01 5.853266661285743133e-01 5.949380770764961524e-01 6.293248794107580979e-01 6.612089007362745852e-01 6.737101606544498855e-01 6.473149093946483079e-01 6.192350820227031649e-01
3.434485744083233261e-01 6.070310349578750264e-01 6.192446537757761993e-01 6.205563807387549646e-01 6.235858713001166675e-01 6.275671288166767559e-01 6.510365300555749357e-01 6.465799766087806377e-01 6.504689437176526257e-01 6.797587700188078008e-01
4.465211029157346023e-01 7.222221356792258851e-01 7.147824621874426798e-01 6.580244110336117558e-01 6.209732259177963565e-01 6.264710436251927916e-01 6.126515102241593125e-01 6.246179607689491542e-01 6.029578277783137485e-01 5.853814343846975854e-01
2.961963748678580477e-01 5.598404641460096309e-01 5.855334008950725533e-01 6.002692156116394839e-01 6.063516140580259561e-01 6.162241602687442699e-01 6.223598324692001249e-01 6.134571474115305678e-01 6.129381436391149185e-01 6.200373739950927332e-01
3.132341696599299508e-01 6.147713955260561969e-01 6.437775527597008329e-01 6.483207802480732695e-01 6.584578644987596485e-01 6.427322394609472633e-01 6.583611191130179785e-01 6.728841929103309694e-01 6.796820104774007332e-01 6.841162612219382488e-01
3.400726239552347430e-01 6.586882462233074609e-01 6.863443331263642255e-01 6.806082163906004290e-01 6.532538160272826078e-01 6.559968610604880457e-01 6.714006103882680376e-01 6.863171419057646494e-01 6.692822637290136711e-01 6.697700623636416717e-01
3.439886241201515205e-01 6.143346673338635489e-01 6.325236121747798146e-01 6.518014886445872014e-01 6.597817623913712071e-01 6.595766687925950222e-01 6.623206619979441490e-01 6.721287087661149684e-01 6.704067672983619053e-01 6.709591501199246855e-01
3.398106559689813011e-01 6.113663997719845922e-01 6.242850491973354066e-01 6.521104591829262054e-01 6.650214526222292255e-01 6.759695658779679706e-01 6.684505970816468912e-01 6.747898522160702406e-01 6.700204054982767943e-01 6.653279618428623587e-01
2.614371079768815220e-01 6.090640901659751805e-01 5.959496757465777561e-01 5.963613096694189153e-01 6.012682362388889201e-01 6.096604565833605438e-01 6.146643768902876337e-01 6.102105713775854978e-01 5.992073958366680442e-01 5.817425824859384642e-01
2.374856945812552078e-01 5.847362221921388326e-01 6.477862457805033669e-01 6.439285648876735824e-01 6.213932323677799907e-01 6.320412299792145250e-01 6.618807599258421659e-01 7.108196086525447877e-01 7.193797214745986102e-01 7.342691759395352236e-01
3.450860114240291154e-01 7.167607827968428547e-01 7.071207760589471869e-01 6.921428363893827873e-01 6.089309042035694342e-01 5.971581076710157365e-01 5.833873078164721893e-01 5.807628198948086018e-01 5.566723911606671349e-01 5.079247092149478116e-01
2.341673685077388656e-01 4.362235815478480716e-01 4.393925749363811195e-01 4.372817156286336604e-01 4.445305547467759411e-01 4.497835831180431732e-01 4.547282109797476934e-01 4.630965497536399522e-01 4.481524756932397380e-01 4.453633044762916326e-01
2.691603787998862463e-01 4.898814430333807146e-01 4.956502342228301106e-01 5.098464008973522255e-01 5.308531388116700667e-01 5.521546122624612085e-01 5.961271721689930247e-01 5.820323590750692277e-01 6.277571461041954182e-01 6.351501316708317857e-01
3.031492565841761855e-01 5.698246559094610753e-01 5.711496252888174086e-01 5.422205583112614802e-01 5.371766752008605428e-01 5.342572935122732458e-01 5.379565482215700190e-01 5.288318956158112316e-01 5.014161101833793932e-01 5.008550203938516576e-01
3.180781901089607122e-01 5.134073039082375223e-01 5.167889433012767819e-01 5.248143208374284052e-01 5.384295266279461867e-01 5.505041738942301199e-01 5.531613906110527390e-01 5.697821651641462593e-01 5.728404237363657892e-01 5.865541452337029726e-01
2.877920589074070001e-01 5.789344713288310240e-01 5.914503073642974895e-01 6.008505176937481984e-01 5.907179305850506212e-01 6.217968673825512438e-01 6.562446115261065804e-01 6.603973259778898042e-01 6.610802812743004075e-01 6.646672075274355773e-01
2.304647934231792983e-01 6.172815476864074169e-01 6.293384789381493150e-01 6.338459305013806055e-01 6.454535833076118223e-01 6.628673186832493291e-01 6.752171659542858251e-01 6.825113682055893305e-01 6.913170319793847662e-01 6.916647363468673149e-01
2.086024464457952032e-01 6.573977078427007958e-01 6.974973774027292128e-01 7.041211154878856959e-01 6.909428312452701171e-01 7.153935403476424648e-01 7.638748936459549554e-01 7.890974463519263571e-01 8.101470406865894924e-01 8.270311381082432467e-01
2.072153104876540419e-01 7.539589518372439292e-01 8.237890423153108044e-01 8.580392609884855970e-01 8.777483609701383083e-01 8.886856332450961959e-01 8.768378817227552302e-01 8.835136733349043814e-01 8.932488688847692870e-01 8.966808092312031908e-01
3.143744403051043079e-01 4.698722347023131518e-01 4.653277482026985656e-01 5.163210540493861078e-01 5.852507321897849613e-01 6.597107894584602894e-01 6.528024068065766405e-01 6.228820664736555157e-01 5.959677132814561462e-01 5.766736306837380033e-01
3.098010931453432093e-01 5.960856614901125505e-01 5.693971112242662835e-01 5.586680924610587518e-01 5.603813100127800206e-01 5.451816869614053429e-01 5.223177474703849521e-01 5.225493796617509679e-01 5.226656838774254021e-01 4.686780447455733412e-01
2.894503636776064592e-01 4.887165144247084814e-01 4.758650454868234014e-01 4.555296637079006561e-01 4.369758303228843954e-01 4.507588664842166470e-01 4.528946570849551878e-01 4.195401886829297489e-01 3.830143591838308104e-01 3.907544825175322534e-01
3.312120814284567061e-01 3.742076207161748602e-01 3.748879319407412702e-01 3.948732962088218890e-01 3.933171969159155457e-01 3.863434632881175279e-01 3.917913544510398527e-01 4.006319720740935675e-01 4.116587403808428802e-01 4.286387442616085841e-01
3.354331501833358598e-01 4.671968765141281121e-01 4.521057372972536181e-01 4.888773199220321497e-01 5.463876113665252499e-01 6.106900806525755732e-01 6.873437205468301281e-01 7.280591526976299965e-01 7.396768980135686178e-01 7.354297607051963892e-01
3.476006346077855080e-01 7.218171369738269894e-01 7.288150035431026907e-01 7.275701259616157435e-01 7.308055992019303337e-01 7.283617826561309405e-01 7.295338192638500807e-01 7.417585643260644623e-01 7.614067950363043735e-01 7.658710347811613639e-01
3.545955611540430041e-01 7.583884510392805423e-01 7.597242347588689659e-01 7.604621982644291789e-01 7.611507967494670623e-01 7.570682907597149347e-01 7.455673274818049867e-01 7.322316303226164003e-01 7.235799353633848296e-01 7.077645578658920966e-01
3.140137837246847474e-01 6.877795868942090385e-01 6.859682754629453649e-01 6.998897028454166280e-01 7.084044083850575824e-01 7.068211457087772986e-01 7.105605905895648888e-01 7.133447547909862463e-01 7.110685650619621434e-01 7.163677235076629790e-01
3.136596747687682707e-01 7.295247420523655046e-01 7.446077182615770118e-01 7.523041458567926165e-01 7.637200228305490723e-01 7.702808157291135549e-01 7.640032705281852854e-01 7.660555629274742317e-01 7.728012523604027573e-01 7.739968813225046596e-01
3.267152946715686235e-01 7.500129089314011566e-01 7.407841827489174413e-01 7.451276837941832598e-01 7.484302863376209869e-01 7.561891216435897567e-01 7.456158645064207002e-01 7.454095318329297948e-01 7.327612400153306060e-01 7.325324624206634994e-01
2.959483856397699952e-01 7.131382396933322321e-01 7.137634979669164048e-01 7.198141682176254497e-01 7.227182759997742290e-01 7.246416041531634766e-01 7.302524269867286533e-01 7.273264666108296694e-01 7.285805708167231165e-01 7.359387447162452078e-01
3.084085123578129140e-01 7.177493678924630194e-01 7.197132611567117477e-01 7.145152232380729274e-01 7.122405517257011098e-01 7.153498611861346390e-01 7.236736256094022934e-01 7.275422871467435160e-01 7.158776250336384983e-01 7.125315639640966703e-01
2.959560519891586972e-01 6.881685428434085594e-01 7.055690671486972709e-01 7.093567506116874588e-01 7.207525017457562244e-01 7.230046132112568635e-01 7.273779949046029758e-01 7.362790624741246681e-01 7.399624812115254135e-01 7.427431917338568335e-01
3.451575525676086609e-01 7.341011344622004886e-01 7.502922813459563800e-01 7.526664263665830967e-01 7.516894277201493502e-01 7.487651195218308908e-01 7.474880231427939448e-01 7.475319719085170567e-01 7.406630225090088393e-01 7.346505005064738469e-01
3.330843901545693098e-01 7.001550068543190841e-01 6.967988889361387272e-01 6.879006305042828506e-01 6.855244599602988709e-01 6.809704089338185495e-01 6.768611810818896402e-01 6.759393822213990433e-01 6.764387013497848988e-01 6.620785219843955405e-01
3.211858262098659655e-01 6.589178711055702076e-01 6.645439176854022190e-01 6.621162232556612182e-01 6.576605104387140965e-01 6.537778426751730265e-01 6.448516269672199819e-01 6.432135640055193226e-01 6.546932047104717656e-01 6.622992347581232453e-01
3.465066130526384680e-01 6.566150472214675737e-01 6.908476612220965096e-01 7.064443649533158620e-01 6.960570358089214205e-01 6.811754349235424888e-01 6.550393648928422019e-01 6.278445529458793750e-01 6.287042909748322694e-01 6.365678309403185464e-01
3.348778657645352652e-01 6.527109359058091975e-01 6.461526325005397808e-01 6.475557103331645026e-01 6.538233418267956898e-01 6.761482368031980217e-01 6.857083353065243081e-01 6.904099412419787418e-01 6.945565875870661765e-01 6.784739317652320745e-01
2.971815867097649666e-01 6.494133476023816742e-01 6.505608435948184720e-01 6.500032221109474095e-01 6.498400781564385165e-01 6.531977512472230130e-01 6.473472718108459478e-01 6.393453973107733335e-01 6.415990683851809928e-01 6.459163088350599047e-01
2.987297278662420230e-01 6.350993127468639310e-01 6.514775047331428093e-01 6.505118979460128292e-01 6.491802831676576346e-01 6.488241769679871096e-01 6.480011144238279064e-01 6.384064185148047299e-01 6.330787974352255487e-01 6.366443163052228904e-01
2.601196187876811394e-01 6.175929842145452264e-01 6.193463028028506345e-01 6.194414656371723948e-01 6.193355764621814030e-01 6.166262501641849303e-01 6.230194222211888899e-01 6.086093465311485096e-01 6.086581643788080420e-01 6.094227057420761318e-01
2.375031143973528047e-01 5.961730396867883641e-01 6.080588183821654669e-01 6.093757296582543725e-01 6.025557468061155664e-01 5.968192288086467956e-01 5.904586255702464204e-01 5.880090042189917154e-01 5.899601891536948584e-01 6.003621764901229119e-01
2.712860512421291226e-01 6.405775408544571725e-01 6.729844264304100099e-01 6.939998929235523528e-01 7.033623299048002986e-01 7.068887514084245538e-01 7.237440624737163652e-01 7.462101460026798749e-01 7.721384230384696901e-01 7.826891612552140387e-01
3.718791245939900292e-01 7.543675172706981735e-01 7.584829340372442052e-01 7.472180039270442942e-01 7.530137286509365202e-01 7.548741638293557932e-01 7.471528678229374387e-01 7.455890923298734707e-01 7.399620957983373826e-01 7.263784129906407649e-01
3.392604102980485981e-01 6.870882312087593924e-01 6.906858494066834275e-01 6.777049992271088064e-01 6.773967334282412489e-01 7.051644111542768600e-01 7.091180979987766753e-01 6.756159931475238523e-01 6.799198824125042284e-01 6.828632009250236168e-01
3.600512055690222035e-01 6.953679528758449635e-01 7.208057620733879789e-01 7.347561571119394230e-01 7.495484674039168960e-01 7.498695814655998992e-01 7.426454243270366185e-01 7.400585973016013952e-01 7.366039599245826075e-01 7.208513605831750048e-01
3.866105237933477046e-01 6.985761609966569807e-01 7.033255837008320910e-01 7.063828667900665659e-01 7.012108849057527848e-01 7.203101960844056073e-01 7.313270388410143541e-01 7.328961942790983564e-01 7.513873197581303343e-01 7.642551127794096066e-01
4.012100843467938383e-01 7.321898158634451148e-01 7.542627314057798182e-01 7.648790637856993646e-01 7.678818227759517390e-01 7.806279879756838902e-01 7.992547518310249011e-01 8.080678667334767473e-01 8.057921169995698740e-01 8.063180508419681702e-01
4.370113444113425394e-01 7.695697375956331854e-01 7.665000628980979114e-01 7.836526032894823857e-01 7.834935229311715821e-01 7.771236077219811911e-01 7.804183843688180522e-01 7.838874863918178226e-01 7.817804347945630505e-01 7.687701841680135706e-01
4.101459270906198662e-01 7.325610712829561111e-01 7.432339410766070076e-01 7.651421820355551739e-01 7.853241662551538882e-01 7.937120763710815430e-01 7.985804856025752185e-01 7.990362109437034732e-01 7.908769264519190934e-01 7.819039088708646945e-01
4.260797154450239321e-01 7.711121813369229416e-01 7.771935431433987240e-01 7.837337142913923804e-01 7.829722517041067809e-01 7.760410279505948195e-01 7.787140624320247895e-01 7.771352147207514216e-01 7.749511669023186888e-01 7.720640826778825128e-01
3.886710919315576329e-01 7.573144824369902883e-01 7.392689414982399621e-01 7.446916039138250509e-01 7.620519443249021974e-01 7.826100379612402902e-01 7.825476107853654995e-01 7.806080224298072023e-01 7.795967463846027456e-01 7.825168343551219818e-01
3.788720988947305024e-01 7.813147526611322613e-01 7.827360446019455686e-01 7.855044577104594028e-01 7.948852210825126940e-01 8.025584515963030130e-01 7.980163542501989005e-01 8.047102380991910664e-01 8.078302108893883338e-01 8.104346572039902163e-01
3.632809323399628365e-01 7.887866909050220698e-01 7.936899454309100932e-01 7.900240632903176019e-01 7.896157164397363815e-01 8.187052333620720157e-01 8.176807329795172663e-01 8.160026470414448729e-01 8.150217624305421404e-01 8.096821577994814945e-01
3.680323575354143562e-01 8.082464048331390316e-01 8.276482328452535731e-01 8.260036685620496533e-01 8.195951377363868140e-01 8.367546136406917023e-01 8.451397422263449144e-01 8.355787714457787452e-01 8.257235698559255432e-01 8.167116070963850172e-01
4.011711906549309536e-01 7.907843171666467663e-01 7.902829987440725956e-01 8.070651117953050457e-01 8.223444709450850043e-01 8.166384500531441715e-01 8.147510443703905869e-01 8.301326714978713994e-01 8.152177402634394054e-01 7.990575070197664109e-01
4.322215762734189504e-01 8.202573365757951374e-01 8.181532343410818919e-01 8.111623592138222927e-01 7.602143900650967234e-01 7.660318639033046884e-01 7.670937922101984663e-01 7.559882293355779659e-01 7.882995188283131727e-01 8.028259990011791247e-01
3.965815104676870817e-01 7.952077608141859821e-01 7.866703452763103011e-01 7.667013498573581609e-01 7.633262038082363476e-01 7.698009918229756776e-01 8.049516889847218026e-01 8.191222488129384915e-01 7.837803807991806648e-01 7.598692378952754956e-01
3.890483851464551779e-01 7.329015699931344940e-01 7.860744091363244257e-01 7.920867686881253311e-01 7.852298700356069583e-01 7.817395132335510644e-01 7.929710096737041525e-01 7.811073187969020948e-01 7.828703288690593842e-01 7.874200343463669816e-01
3.990613706697394569e-01 7.676200190260452638e-01 7.714140147492040134e-01 7.707093639364467341e-01 7.711288658999047030e-01 7.636819193117223570e-01 7.636183699881083919e-01 7.605631162009002244e-01 7.385073704344087275e-01 7.292573140816841493e-01
3.821393000430959863e-01 7.200954403541964810e-01 6.762659718579003831e-01 6.759862849235508397e-01 7.107236617345377150e-01 6.876209421235187635e-01 6.940979294913103281e-01 6.843665648724027717e-01 6.783759348951200474e-01 6.753642122196031883e-01
3.387644832318483235e-01 6.561422421954542505e-01 6.502673126287132899e-01 6.583090114086203037e-01 6.500417750818280327e-01 6.542342922170680808e-01 6.421999043544405206e-01 6.580332227143913526e-01 6.900698857098491734e-01 6.804632950955311621e-01
